4826
7143
5886
1273
8961
9062
7019
5851
7199
7193
7064
5582
4900
8191
9552
7930
7573
8820
9777
8333
6883
5173
2255
9889
9801
7816
3766
5820
9047
1005
1032
9694
8041
1318
5345
8151
3497
7587
4584
5527
3630
5014
8500
5989
2732
2147
8817
9300
3301
7165
9547
5533
8320
9206
8431
7984
5502
1727
1953
7896
4524
6874
9884
4305
6360
4632
8083
1340
6698
2731
2981
2779
1306
4435
7287
5090
4846
6460
3396
3223
6945
2219
2576
8130
1360
8542
2657
4367
8109
7562
2910
3931
7773
2695
2287
1468
7010
2604
1624
3116
5769
7908
